[vessel]
ecc = 0.7848720504761658
ma = 5.792703785429235
ea = 5.052894377513411
pea = 4.155140632859112
a = 300.474848502583
b = 186.1916018303689
f = 235.83431046073758
period = 1463.5482795169676
dr = 1.0
ref_coi = 682.376786025227

[body]
ecc = 0.0542305694443186
ma = 5.692060439783578
pea = 6.137838350399759
n = 0.001997238120388435
a = 500.4608436404148
b = 499.7243854434846
f = 27.14027653520379
dr = 1.0
coi = 99.85506614332527
